26126
5337
4270
18474
8779
12358
14760
10679
35474
7800
21513
39143
15272
31356
9575
26052
11453
20141
19759
24896
4662
19700
30597
19683
4559
9626
29113
3618
30722
4733
6582
6581
4725
26938
25799
11765
25786
23472
34888
17982
10866
18103
17715
2351
13692
14795
11335
16593
26924
1030
22006
14713
36892
6652
19207
30883
3062
6326
3635
14786
2912
4414
2213
37907
364
23042
28834
2795
7429
7432
27146
20287
10295
6697
6696
6695
34942
12151
26975
16823
16695
20220
15511
5435
39805
39819
32643
18168
39847
12491
19804
19350
8768
19336
18247
36497
21547
39191
15349
39204
39205
1522
26297
35971
4376
32006
14462
30235
40309
32014
22453
40256
3923
1399
40244
28577
1403
22687
17610
2524
10230
13166
28277
9892
13963
29529
11565
5545
40194
28403
332
22826
15771
32055
32046
28383
13300
2242
12643
9941
18830
9425
1677
9404
5069
38447
38358
27481
33515
5041
29338
10041
21133
