38799
14322
36647
13842
296
36790
23780
10652
32949
29091
2783
7239
32260
35411
17085
5985
33595
12285
4231
39115
24802
25978
13005
14655
24078
19283
16982
26560
31518
9592
11272
13087
7460
16392
29020
3515
18375
23814
12328
21958
39666
24820
7416
5090
21370
25528
32084
28699
6524
23680
23681
14507
19049
2021
8638
9098
27087
12486
14885
19954
2144
14867
5712
20103
27031
25010
29233
22889
19971
18711
744
13937
9145
5558
3859
24296
3954
36089
9146
37887
1374
4454
10003
39920
28448
30872
37895
22468
13327
16604
4835
27270
603
16600
4840
24735
30973
3501
16256
3498
23025
40692
10151
34965
9224
26259
40623
32027
7550
22054
22055
2929
15756
30681
24917
29140
33355
24282
20507
16341
37639
16810
30237
2503
4935
29147
7650
10055
3078
39837
30229
40403
20576
18917
13497
38270
1781
28676
4469
19818
10255
40450
36300
18114
1624
3068
20968
8560
26296
18885
12122
30305
14079
11676
8080
34547
4161
33456
13093
24275
31489
40048
5062
20922
16915
15126
16059
12697
35162
