15100
5018
8297
19321
38335
9369
4202
20948
8338
3434
23536
23553
23268
10365
975
12036
15665
619
28385
7060
40170
15622
25446
1753
28360
6077
22167
3870
21147
4343
33723
33719
21392
31885
22452
33830
40417
23652
30219
35969
9436
40310
24724
31476
39190
12944
7807
2499
31459
40588
30217
5230
21521
2359
1931
30031
7326
11493
21794
5337
39425
23323
13531
22007
31312
2074
40571
7338
6929
39330
26148
6297
18532
626
29125
7525
26797
19675
4027
23165
29116
29163
36430
12190
34409
29154
16597
26926
14114
30723
4734
37264
30558
17650
16686
31767
19060
8042
37146
4093
4091
34917
25788
34897
25769
6189
26760
4115
8235
29015
32736
23488
14603
36557
1480
33283
16725
1617
30885
6655
4108
26375
37806
27247
12577
20518
15000
33382
33410
16695
3647
39775
15510
27032
13706
20275
28852
4865
35708
8245
39845
8673
37715
2169
37652
20288
30878
5949
30347
8263
18140
1012
19173
19812
3404
30783
23926
832
13359
946
