7804
35494
5272
1281
5214
15340
39181
39253
21290
11900
412
36655
12241
12231
19526
1052
32950
29092
17841
17842
10450
4613
34543
13674
87
17727
25615
14082
17651
25571
11456
29381
25166
33610
489
36891
9098
4809
7350
1122
18610
33236
27970
28020
12996
10716
14864
38455
12411
33865
13009
39445
3219
39702
16594
16598
40245
22452
21021
38428
19973
17991
4072
16721
23847
379
27586
18910
5873
29060
29014
24759
30289
30293
19048
36166
13749
29237
9215
30018
4234
6100
17538
9477
10435
17587
32083
40788
10185
25381
5740
161
23185
16572
21130
1342
604
1347
329
37676
14013
6116
19803
13489
5091
10053
23736
25431
175
40408
9226
12529
37922
7070
10965
40947
32155
5659
6648
4839
9134
29257
28620
15751
26434
30974
29255
40433
9991
7650
7651
28648
33403
4098
9940
14445
18803
28547
23039
31113
15091
5011
34209
11804
35072
22037
35034
25846
13316
28587
19004
9198
2225
126
11380
